15295993
15296012
15296015
15296049
15296063
15296067
15296086
15296166
15296182
15296191
15296206
15296218
15296306
15296327
15296333
15296348
15296407
15296420
15296454
15296477
15296467
15296495
15296504
15296520
15296531
15296889
15296911
15296919
15296941
15296950
15296960
15296991
15297006
15297020
15297034
15297049
15297056
15297150
15297170
15297188
15297218
15297234
15297254
15297276
15297284
15297292
15297308
15297323
15297355
15297372
15299494
15299497
15299498
15299503
15299505
15299528
15299531
15299541
15299559
15299562
15299573
15299589
15299597
15299608
15299615
15299630
15299652
15299658
15299679
15299688
15299704
15299718
15299737
15299743
15299746
15299763
15299771
15299777
15299786
15299789
15299882
15299889
15299891
15299896
15299901
15299905
15299911
15299915
15299917
15299919
15299925
15299928
15299932
15299938
15299942
15299947
15299952
15299955
15299958
15299961
15299967
15299973
15299978
15299986
15299999
15300003
15300009
15300018
15300024
15300031
15300037
15300043
15300044
15300050
15300061
15300056
15300067
15300071
15300074
15300079
15300081
15300086
15300093
15300099
15300108
15300124
15300128
15300134
15300143
15300149
15300358
15300365
15300368
15300372
15300375
15300381
15300385
15300404
15300411
15300418
15300422
15300425
15300430
15300433
15300436
15300443
15300450
15300455
15300457
15300467
15303434
15303438
15303444
15303452
15303459
15303462
15303467
15303468
15303471
15303479
15303488
15303490
15303498
15303500
15303505
15303528
15303532
15303534
15303538
15303544
15303551
15303556
15303560
15303566
15303569
15303573
15303575
15303577
15303582
15303586
15303591
15303593
15303594
15303597
15303605
15303607
15303612
15303616
15303621
15303628
15303634
15303639
15303642
15303656
15303659
15303664
15303666
15303667
15303675
15303678
15573701
15573705
15573708
15573710
15573714
15573715
15573723
15573725
15573727
15573729
15573738
15573740
15573741
15573748
15573751
15573756
15573758
15573759
15573760
15573761
15573765
15573768
15573770
15573772
15573775
15573778
15573781
15573783
15573785
15573788
15574148
15574152
15574153
15574156
15574160
15574166
15574171
15574173
15574176
15574178
15574183
15574186
15574188
15574193
15574196
15574202
15574203
15574209
15574216
15574220
