16278635
16278645
16278648
16278649
16278647
16278646
16278660
16278657
16278658
16278659
16278665
16278677
16278681
16278679
16278680
16278678
16278699
16278700
16278698
16278701
16278702
16278722
16278724
16278723
16278726
16278756
16278755
16278757
16278754
16278758
16278767
16278768
16278769
16278766
16278781
16278799
16278797
16278796
16278800
16278798
16278812
16278814
16278816
16278813
16278815
16278833
16278837
16278836
16278835
16278834
16278854
16278856
16278857
16278855
16278858
16278877
16278875
16278876
16278874
16278878
16278892
16278897
16278896
16278898
16278894
16278903
16278909
16278910
16278904
16278902
16278923
16278926
16278931
16278927
16278925
16278945
16278946
16278943
16278944
16278957
16278973
16278974
16278977
