16278975
16278976
16278988
16278991
16278992
16278989
16279002
16279012
16279013
16279015
16279021
16279016
16279032
16279028
16279031
16279029
16279030
16279053
16279054
16279055
16279056
16279062
16279079
16279078
16279081
16279080
16279082
16279097
16279101
16279100
16279098
16279102
16279113
16279119
16279120
16279122
16279121
16279137
16279138
16279139
16279141
16279142
16279162
16279163
16279167
16279165
16279168
16279187
16279184
16279186
16279185
16279188
16279205
16279207
16279206
16279208
16279204
16279223
16279225
16279226
16279224
16279222
16279237
16279238
16279239
16279240
16279242
16279252
16279250
16279249
16279254
16279255
16279269
16279271
16279273
16279272
16279270
16279290
16279292
16279293
16279294
16279291
16279334
