15299896
15299901
15299905
15299911
15299915
15299917
15299919
15299925
15299928
15299932
15299938
15299942
15299947
15299952
15299955
15299958
15299961
15299967
15299973
15299978
15299986
15299999
15300003
15300009
15300018
15300024
15300031
15300037
15300043
15300044
15300050
15300061
15300056
15300067
15300071
15300074
15300079
15300081
15300086
15300093
15300099
15300108
15300124
15300128
15300134
15300143
15300149
15300358
15300365
15300368
15300372
15300375
15300381
15300385
15300404
15300411
15300418
15300422
15300425
15300430
15300433
15300436
15300443
15300450
15300455
15300457
15300467
15303434
15303438
15303444
15303452
15303459
15303462
15303467
15303468
15303471
15303479
15303488
15303490
15303498
15303500
15303505
15303528
