15295993
15296012
15296015
15296049
15296063
15296067
15296086
15296166
15296182
15296191
15296206
15296218
15296306
15296327
15296333
15296348
15296407
15296420
15296454
15296477
15296467
15296495
15296504
15296520
15296531
15296889
15296911
15296919
15296941
15296950
15296960
15296991
15297006
15297020
15297034
15297049
15297056
15297150
15297170
15297188
15297218
15297234
15297254
15297276
15297284
15297292
15297308
15297323
15297355
15297372
15299494
15299497
15299498
15299503
15299505
15299528
15299531
15299541
15299559
15299562
15299573
15299589
15299597
15299608
15299615
15299630
15299652
15299658
15299679
15299688
15299704
15299718
15299737
15299743
15299746
15299763
15299771
15299777
15299786
15299789
15299882
15299889
15299891
