16279332
16279331
16279335
16279333
16279350
16279352
16279349
16279351
16279353
16279369
16279370
16279386
16279389
16279390
16279387
16279388
16279403
16279404
16279406
16279405
16279407
16279425
16279426
16279428
16279427
16279429
16279448
16279447
16279446
16279449
16279450
16279467
16279470
16279466
16279469
16279468
16279487
16279489
16279486
16279488
16279490
16279506
16279507
16279508
16279510
16279509
16279526
16279527
16279530
16279529
16279528
16279546
16279548
16279549
16279550
16279547
16279569
16279567
16279568
16279571
16279570
16279590
16279588
16279587
16279589
16279591
16279613
16279614
16279615
16279616
16279621
16279640
16279638
16279637
16279635
16279642
16279660
16279657
16279662
16279663
16279659
16279680
16279697
16279699
