15303532
15303534
15303538
15303544
15303551
15303556
15303560
15303566
15303569
15303573
15303575
15303577
15303582
15303586
15303591
15303593
15303594
15303597
15303605
15303607
15303612
15303616
15303621
15303628
15303634
15303639
15303642
15303656
15303659
15303664
15303666
15303667
15303675
15303678
15573701
15573705
15573708
15573710
15573714
15573715
15573723
15573725
15573727
15573729
15573738
15573740
15573741
15573748
15573751
15573756
15573758
15573759
15573760
15573761
15573765
15573768
15573770
15573772
15573775
15573778
15573781
15573783
15573785
15573788
15574148
15574152
15574153
15574156
15574160
15574166
15574171
15574173
15574176
15574178
15574183
15574186
15574188
15574193
15574196
15574202
15574203
15574209
15574216
15574220
