15295993
15296012
15296015
15296049
15296063
15296067
15296086
15296166
15296182
15296191
15296206
15296218
15296306
15296327
15296333
15296348
15296407
15296420
15296454
15296477
15296467
15296495
15296504
15296520
15296531
15296889
15296911
15296919
15296941
15296950
15296960
15296991
15297006
15297020
15297034
15297049
15297056
15297150
15297170
15297188
15297218
15297234
15297254
15297276
15297284
15297292
15297308
15297323
15297355
15297372
15299494
15299497
15299498
15299503
15299505
15299528
15299531
15299541
15299559
15299562
15299573
15299589
15299597
15299608
15299615
15299630
15299652
15299658
15299679
15299688
15299704
15299718
15299737
15299743
15299746
15299763
15299771
15299777
15299786
15299789
15299882
15299889
15299891
15299896
15299901
15299905
15299911
15299915
15299917
15299919
15299925
15299928
15299932
15299938
15299942
15299947
15299952
15299955
15299958
15299961
15299967
15299973
15299978
15299986
15299999
15300003
15300009
15300018
15300024
15300031
15300037
15300043
15300044
15300050
15300061
15300056
15300067
15300071
15300074
15300079
15300081
15300086
15300093
15300099
15300108
15300124
15300128
15300134
15300143
15300149
15300358
15300365
15300368
15300372
15300375
15300381
15300385
15300404
15300411
15300418
15300422
15300425
15300430
15300433
15300436
15300443
15300450
15300455
15300457
15300467
15303434
15303438
15303444
15303452
15303459
15303462
15303467
15303468
15303471
15303479
15303488
15303490
15303498
15303500
15303505
15303528
15303532
15303534
15303538
15303544
15303551
15303556
15303560
15303566
15303569
15303573
15303575
15303577
15303582
15303586
15303591
15303593
15303594
15303597
15303605
15303607
15303612
15303616
15303621
15303628
15303634
15303639
15303642
15303656
15303659
15303664
15303666
15303667
15303675
15303678
15573701
15573705
15573708
15573710
15573714
15573715
15573723
15573725
15573727
15573729
15573738
15573740
15573741
15573748
15573751
15573756
15573758
15573759
15573760
15573761
15573765
15573768
15573770
15573772
15573775
15573778
15573781
15573783
15573785
15573788
15574148
15574152
15574153
15574156
15574160
15574166
15574171
15574173
15574176
15574178
15574183
15574186
15574188
15574193
15574196
15574202
15574203
15574209
15574216
15574220
16278635
16278645
16278648
16278649
16278647
16278646
16278660
16278657
16278658
16278659
16278665
16278677
16278681
16278679
16278680
16278678
16278699
16278700
16278698
16278701
16278702
16278722
16278724
16278723
16278726
16278756
16278755
16278757
16278754
16278758
16278767
16278768
16278769
16278766
16278781
16278799
16278797
16278796
16278800
16278798
16278812
16278814
16278816
16278813
16278815
16278833
16278837
16278836
16278835
16278834
16278854
16278856
16278857
16278855
16278858
16278877
16278875
16278876
16278874
16278878
16278892
16278897
16278896
16278898
16278894
16278903
16278909
16278910
16278904
16278902
16278923
16278926
16278931
16278927
16278925
16278945
16278946
16278943
16278944
16278957
16278973
16278974
16278977
16278975
16278976
16278988
16278991
16278992
16278989
16279002
16279012
16279013
16279015
16279021
16279016
16279032
16279028
16279031
16279029
16279030
16279053
16279054
16279055
16279056
16279062
16279079
16279078
16279081
16279080
16279082
16279097
16279101
16279100
16279098
16279102
16279113
16279119
16279120
16279122
16279121
16279137
16279138
16279139
16279141
16279142
16279162
16279163
16279167
16279165
16279168
16279187
16279184
16279186
16279185
16279188
16279205
16279207
16279206
16279208
16279204
16279223
16279225
16279226
16279224
16279222
16279237
16279238
16279239
16279240
16279242
16279252
16279250
16279249
16279254
16279255
16279269
16279271
16279273
16279272
16279270
16279290
16279292
16279293
16279294
16279291
16279334
16279332
16279331
16279335
16279333
16279350
16279352
16279349
16279351
16279353
16279369
16279370
16279386
16279389
16279390
16279387
16279388
16279403
16279404
16279406
16279405
16279407
16279425
16279426
16279428
16279427
16279429
16279448
16279447
16279446
16279449
16279450
16279467
16279470
16279466
16279469
16279468
16279487
16279489
16279486
16279488
16279490
16279506
16279507
16279508
16279510
16279509
16279526
16279527
16279530
16279529
16279528
16279546
16279548
16279549
16279550
16279547
16279569
16279567
16279568
16279571
16279570
16279590
16279588
16279587
16279589
16279591
16279613
16279614
16279615
16279616
16279621
16279640
16279638
16279637
16279635
16279642
16279660
16279657
16279662
16279663
16279659
16279680
16279697
16279699
